6.38441 0 8.18389
6.72261 0 7.9606
7.07799 0 7.7513
7.44931 0 7.55604
7.83538 0 7.37489
8.23498 0 7.20794
8.64689 0 7.05525
9.0699 0 6.91689
9.50281 0 6.79293
9.94439 0 6.68344
10.3934 0 6.5885
10.8487 0 6.50818
11.3091 0 6.44254
11.7732 0 6.39167
12.24 0 6.35562
12.7081 0 6.33447
13.1765 0 6.3283
13.6438 0 6.33717
14.1089 0 6.36115
14.5705 0 6.40032
15.0275 0 6.45475
15.4786 0 6.5245
15.9226 0 6.60965
16.3583 0 6.71028
16.7844 0 6.82645
17.1999 0 6.95822
17.6034 0 7.10569
17.9937 0 7.2689
18.3697 0 7.44795
18.73 0 7.64289
19.0736 0 7.8538
19.3992 0 8.08075
19.7056 0 8.32381
19.9915 0 8.58305
20.082 0 8.67308
20.3391 0 8.95385
20.5743 0 9.24997
20.788 0 9.56054
20.9803 0 9.88464
21.1516 0 10.2214
21.3021 0 10.5698
21.432 0 10.929
21.5416 0 11.298
21.6311 0 11.676
21.7008 0 12.062
21.7509 0 12.4552
21.7817 0 12.8545
21.7934 0 13.2592
21.7863 0 13.6681
21.7606 0 14.0806
21.7165 0 14.4956
21.6544 0 14.9122
21.5744 0 15.3295
21.4768 0 15.7465
21.3619 0 16.1625
21.2299 0 16.5764
21.081 0 16.9873
20.9155 0 17.3944
20.7336 0 17.7966
20.5357 0 18.1932
20.3218 0 18.5831
20.0924 0 18.9655
19.8476 0 19.3394
19.5876 0 19.7039
19.3128 0 20.0582
19.0234 0 20.4012
18.7196 0 20.7321
18.4017 0 21.05
18.2926 0 21.1529
17.9563 0 21.4521
17.6075 0 21.7366
17.2474 0 22.0063
16.8772 0 22.2608
16.4981 0 22.4998
16.1114 0 22.723
15.7183 0 22.9301
15.3201 0 23.1207
14.918 0 23.2946
14.5131 0 23.4515
14.1069 0 23.591
13.7004 0 23.7128
13.2949 0 23.8167
12.8917 0 23.9022
12.492 0 23.9692
12.0971 0 24.0173
11.7081 0 24.0461
11.3263 0 24.0554
10.953 0 24.0449
10.5893 0 24.0143
10.2366 0 23.9632
9.89598 0 23.8913
9.56877 0 23.7983
9.25618 0 23.684
8.95945 0 23.548
8.67981 0 23.39
8.41849 0 23.2097
8.17674 0 23.0067
7.95579 0 22.7808
7.75687 0 22.5317
7.58122 0 22.2591
7.43008 0 21.9626
7.30468 0 21.6419
7.26882 0 21.5296
7.17927 0 21.1765
7.11601 0 20.8008
7.07795 0 20.4041
7.06396 0 19.9884
7.07295 0 19.5555
7.10383 0 19.1072
7.15548 0 18.6453
7.22681 0 18.1718
7.31671 0 17.6885
7.42409 0 17.1971
7.54783 0 16.6996
7.68685 0 16.1978
7.84002 0 15.6934
8.00627 0 15.1885
8.18447 0 14.6847
8.37354 0 14.184
8.57237 0 13.6882
8.77985 0 13.1991
8.99488 0 12.7186
9.21637 0 12.2485
9.44321 0 11.7907
9.6743 0 11.3469
9.90853 0 10.9191
10.1448 0 10.5091
10.382 0 10.1187
10.6191 0 9.74978
10.8549 0 9.40416
11.0883 0 9.08368
11.3183 0 8.79019
11.5437 0 8.52554
11.7635 0 8.29156
11.9764 0 8.09009
12.1815 0 7.92298
12.2479 0 7.87523
12.441 0 7.75625
12.6246 0 7.67266
12.7986 0 7.62304
12.963 0 7.60596
13.1175 0 7.62
13.2622 0 7.66374
13.3968 0 7.73575
13.5213 0 7.83461
13.6355 0 7.9589
13.7394 0 8.10719
13.8328 0 8.27807
13.9157 0 8.4701
13.9878 0 8.68186
14.0491 0 8.91194
14.0995 0 9.1589
14.1389 0 9.42133
14.1671 0 9.69779
14.1841 0 9.98688
14.1897 0 10.2872
14.1838 0 10.5972
14.1663 0 10.9156
14.1371 0 11.2409
14.096 0 11.5718
14.043 0 11.9067
13.978 0 12.2442
13.9008 0 12.583
13.8113 0 12.9216
13.7094 0 13.2586
13.5951 0 13.5925
13.4681 0 13.922
13.3283 0 14.2456
13.1758 0 14.5619
13.0103 0 14.8695
12.9522 0 14.9698
12.7694 0 15.2637
12.5742 0 15.5468
12.3675 0 15.8188
12.1499 0 16.0796
11.9224 0 16.329
11.6856 0 16.5666
11.4402 0 16.7924
11.1872 0 17.0061
10.9272 0 17.2076
10.6611 0 17.3965
10.3895 0 17.5728
10.1132 0 17.7361
9.83313 0 17.8863
9.54991 0 18.0233
9.26436 0 18.1466
8.97723 0 18.2563
8.68931 0 18.352
8.40136 0 18.4336
8.11414 0 18.5008
7.82843 0 18.5535
7.545 0 18.5914
7.26461 0 18.6143
6.98804 0 18.6221
6.71605 0 18.6144
6.44941 0 18.5912
6.1889 0 18.5522
5.93528 0 18.4972
5.68931 0 18.4259
5.45178 0 18.3383
5.22345 0 18.234
5.00508 0 18.1128
4.79745 0 17.9747
4.60133 0 17.8193
4.53864 0 17.7636
4.35895 0 17.585
4.19198 0 17.3899
4.03788 0 17.1792
3.89685 0 16.9537
3.76904 0 16.7145
3.65465 0 16.4625
3.55384 0 16.1986
3.46679 0 15.9238
3.39367 0 15.639
3.33467 0 15.3452
3.28995 0 15.0433
3.25969 0 14.7342
3.24407 0 14.4189
3.24327 0 14.0984
3.25745 0 13.7735
3.28679 0 13.4453
3.33148 0 13.1146
3.39168 0 12.7824
3.46756 0 12.4497
3.55932 0 12.1173
3.66711 0 11.7863
3.79112 0 11.4576
3.93152 0 11.1321
4.08849 0 10.8107
4.2622 0 10.4945
4.45283 0 10.1843
4.66056 0 9.88106
4.88555 0 9.58579
5.12798 0 9.29939
